Bug ID
1399
1405
1411
1415
1417
1424
1425
1426
1427
1435
1437
1446
1449
1471
1481
1482
1483
1484
1485
1486
1487
1488
1508
1512
1515
1530
1533
1536
1543
1544
1546
1547
1548
1660
1661
1662
1695
1720
1755
1773
1774
1775
1776
1777
1778
1779
1780
1782
1783
1784
1786
1787
1788
1790
1791
1792
1793
1794
1796
1798
1801
1802
1803
1804
1805
1812
1823
1824
1825
1826
1827
1828
1829
1830
1831
1832
1833
1834
1835
1836
1837
1839
1840
1842
1846
1847
1848
1849
1850
1851
1852
1853
1854
1859
1860
1869
1872
1873
1874
1875
1883
1884
1885
1886
1887
1888
1889
1890
1891
1892
1893
1894
1895
1896
1897
1898
1899
1900
1901
1902
1903
1904
1906
1907
1917
1918
1919
1920
1921
1922
1923
1924
1925
1926
1927
1928
1929
1930
1931
1932
1933
1934
1935
1936
1937
1938
1939
1940
1941
1942
1943
1944
1945
1946
1947
1948
1949
1950
1951
1952
1953
1954
1955
1956
1957
1958
1959
1960
1961
1962
1963
1969
1970
1975
1977
1978
2000
2001
2002
2003
2004
2005
2006
2007
2008
2009
2010
2016
2020
2021
2022
2023
2027
2028
2032
2033
2034
2035
2036
2037
2038
2039
2040
2042
2048
2049
2050
2052
2053
2057
2058
2059
2060
2063
2064
2065
2066
2067
2068
2069
2070
2071
2072
2073
2074
2075
2077
2080
2081
2082
2083
2085
2087
2088
2089
2090
2091
2095
2096
2098
2099
2100
2101
2102
2103
2110
2111
2113
2114
2115
2117
2121
2124
2130
2131
2132
2133
2134
2135
2136
2139
2142
2143
2145
2146
2147
2148
2149
2150
2151
2152
2153
2155
2157
2158
2159
2160
2163
2164
2165
2166
2167
2168
2169
2170
2171
2172
2173
2174
2175
2176
2177
2178
2179
2180
2181
2182
2183
2184
2185
2186
2187
2188
2189
2190
2191
2192
2193
2194
2195
2196
2197
2198
2199
2200
2201
2202
2203
2205
2206
2207
2209
2217
2219
2222
2223
2224
2225
2226
2227
2229
2230
2237
2238
2242
2246
2248
2249
2250
2251
2257
2258
2263
2266
2267
2268
2269
2270
2272
2274
2275
2276
2277
2281
2282
2283
2284
2285
2286
2289
2295
2300
2301
2302
2303
2304
2305
2306
2307
2308
2309
2310
2311
2312
2313
2314
2315
2316
2317
2318
2319
2320
2321
2322
2323
2324
2325
2326
2327
2329
2330
2331
2332
2333
2334
2335
2336
2337
2340
2342
2343
2344
2345
2346
2383
2398
2400
2402
2408
2409
2410
2411
2412
2413
2414
2415
2416
2422
2423
2426
2432
2433
2445
2447
2455
2458
2461
2465
2468
2478
2480
2488
2497
2498
2500
2505
2506
2507
2511
2515
2516
2517
2518
2519
2522
2523
2524
2525
2527
2528
2529
2530
2532
2537
2538
2539
2540
2541
2542
2543
2559
2563
2564
2565
2566
2567
2568
2569
2572
2584
2585
2586
2589
2592
2596
2597
2601
2602
2604
2605
2606
2608
2609
2611
2612
2613
2614
2617
2618
2623
2624
2626
2628
2629
2630
2631
2632
2633
2634
2635
2636
2637
2645
2649
2650
2651
2652
2656
2660
2663
2666
2669
2675
2677
2679
2681
2684
2685
2686
2687
2688
2693
2697
2700
2701
2702
2703
2704
2706
2709
2710
2711
2712
2714
2715
2716
2717
2720
2722
2723
2724
2725
2726
2728
2729
2730
2731
2732
2733
2734
2735
2736
2737
2738
2739
2740
2741
2742
2745
2748
2750
2751
2756
2758
2759
2760
2761
2763
2764
2765
2766
2767
2768
2769
2771
2773
2774
2777
2778
2779
2780
2781
2786
2787
2788
2789
2793
2794
2795
2796
2797
2798
2799
2800
2801
2802
2803
2804
2807
2808
2809
2810
2811
2812
2813
2816
2817
2819
2820
2821
2823
2824
2825
2841
2842
2843
2844
2845
2846
2847
2848
2849
2852
2854
2855
2858
2859
2861
2863
2864
2865
2866
2867
2874
2875
2876
2877
2878
2880
2881
2883
2886
2895
2896
2897
2917
2918
2921
2925
2926
2927
2928
2929
2930
2931
2932
2933
2934
2935
2936
2937
2938
2940
2941
2942
2943
2944
2945
2946
2948
2949
2950
2951
2952
2953
2955
2956
2959
2964
2965
2966
2967
2969
2976
2978
2979
2982
2986
2987
2988
2989
2993
2994
3003
3005
3006
3009
3010
3011
3014
3017
3018
3019
3020
3021
3022
3023
3024
3027
3030
3031
3032
3033
3034
3035
3036
3037
3038
3039
3040
3042
3043
3044
3045
3048
3049
3050
3051
3052
3053
3054
3055
3056
3057
3058
3059
3061
3062
3065
3067
3068
3069
3071
3072
3073
3074
3077
3078
3079
3080
3081
3082
3083
3084
3085
3086
3087
3088
3089
3090
3091
3092
3093
3098
3101
3102
3103
3107
3108
3110
3111
3112
3113
3114
3115
3116
3118
3119
3120
3121
3122
3123
3124
3125
3126
3127
3128
3129
3130
3131
3132
3133
3134
3135
3136
3137
3138
3139
3140
3141
3142
3143
3145
3149
3150
3151
3152
3153
3154
3155
3157
3159
3161
3163
3164
3165
3166
3167
3168
3169
3170
3171
3172
3173
3174
3175
3176
3177
3178
3180
3181
3182
3184
3185
3186
3187
3188
3189
3190
3191
3192
3194
3195
3197
3198
3199
3200
3201
3202
3204
3205
3206
3207
3208
3209
3210
3211
3212
3230
3231
3232
3233
3234
3235
3236
3237
3238
3239
3240
3241
3243
3245
3246
3247
3248
3249
3250
3251
3252
3253
3254
3255
3256
3257
3258
3259
3261
3262
3263
3264
3265
3266
3267
3268
3269
3270
3272
3273
3274
3276
3277
3278
3280
3281
3283
3285
3289
3290
3292
3294
3296
3299
3300
3301
3302
3303
3304
3305
3306
3307
3308
3309
3315
3316
3317
3318
3319
3323
3324
3325
3326
3327
3328
3330
3333
3334
3335
3337
3346
3347
3348
3349
3350
3351
3352
3353
3354
3355
3356
3357
3358
3359
3360
3369
3370
3371
3372
3373
3374
3375
3376
3380
3407
3420
3426
3431
3432
3434
3440
3441
3452
3453
3454
3455
3456
3457
3458
3468
3476
3477
3478
3482
3483
3484
3485
3486
3487
3488
3490
3492
3493
3496
3501
3502
3503
3506
3507
3509
3510
3515
3534
3537
3550
3552
3555
3556
3570
3571
3575
3579
3583
3584
3588
3590
3592
3593
3594
3595
3601
3602
3603
3604
3605
3608
3611
3612
3613
3614
3615
3616
3617
3618
3619
3626
3627
3628
3629
3630
3631
3632
3633
3634
3635
3636
3637
3638
3639
3640
3641
3642
3649
3651
3652
3653
3655
3657
3658
3659
3661
3662
3663
3666
3667
3668
3669
3670
3671
3672
3673
3674
3675
3676
3678
3679
3680
3681
3682
3683
3684
3690
3692
3693
3694
3695
3696
3697
3698
3699
3700
3701
3702
3703
3704
3705
3706
3707
3708
3709
3710
3711
3712
3718
3720
3721
3722
3723
3724
3725
3726
3727
3728
3729
3730
3732
3735
3736
3737
3738
3739
3740
3741
3742
3743
3744
3745
3746
3747
3748
3749
3750
3751
3752
3753
3754
3755
3756
3757
3758
3759
3760
3761
3762
3763
3764
3765
3766
3767
3768
3769
3770
3771
3772
3773
3774
3775
3776
3777
3778
3779
3780
3781
3782
3783
3784
3785
3786
3787
3788
3789
3790
3791
3792
3793
3794
3797
3798
3799
3801
3802
3803
3804
3806
